    309 0.876
    258 0.937
    251 0.931
    247 0.948
    247 0.886
    247 0.858
    239 0.801
    237 0.961
    231 0.964
    230 0.978
    226 0.979
    226 0.92
    226 0.906
    225 0.981
    224 0.909
    223 0.977
    223 0.818
    223 0.72
    221 0.939
    218 0.953
    218 0.934
    217 0.803
    216 0.855
    213 0.93
    212 0.913
    211 0.959
    211 0.943
    211 0.941
    211 0.938
    211 0.924
    209 0.942
    209 0.573
    208 0.995
    208 0.95
    208 0.792
    207 0.954
    207 0.828
    206 0.988
    206 0.933
    206 0.902
    206 0.878
    205 0.875
    205 0.856
    205 0.739
    205 0.625
    203 0.94
    203 0.9
    203 0.714
    202 0.8
    201 0.97
    201 0.946
    201 0.929
    201 0.871
    201 0.833
    201 0.817
    200 0.903
    200 0.89
    200 0.7
    199 0.955
    199 0.874
    199 0.666
    198 0.962
    198 0.935
    198 0.907
    198 0.606
    197 0.845
    196 0.884
    196 0.728
    195 0.936
    195 0.896
    195 0.894
    194 0.974
    194 0.951
    194 0.842
    193 0.917
    193 0.841
    193 0.838
    192 0.991
    192 0.932
    192 0.869
    192 0.86
    192 0.849
    192 0.67
    192 0.522
    191 0.947
    191 0.873
    190 0.788
    189 0.914
    189 0.843
    189 0.823
    189 0.726
    188 0.949
    188 0.743
    188 0.711
    188 0.675
    187 0.957
    187 0.859
    186 0.969
    186 0.966
    186 0.867
    186 0.737
    185 0.872
    185 0.727
    185 0.713
    185 0.706
    184 0.983
    184 0.967
    184 0.945
    184 0.921
    184 0.742
    183 0.968
    183 0.963
    183 0.857
    183 0.796
    182 0.958
    182 0.952
    182 0.715
    182 0.677
    182 0.565
    182 0.533
    181 0.98
    181 0.882
    181 0.879
    181 0.802
    181 0.696
    181 0.69
    180 0.885
    180 0.854
    180 0.75
    180 0.744
    180 0.705
    179 0.912
    179 0.898
    179 0.877
    179 0.553
    178 0.892
    178 0.863
    178 0.85
    178 0.563
    177 0.96
    176 0.891
    176 0.883
    176 0.839
    176 0.786
    176 0.769
    176 0.745
    176 0.738
    175 0.985
    175 0.927
    175 0.836
    175 0.83
    174 0.944
    174 0.719
    174 0.571
    173 0.993
    173 0.982
    173 0.975
    173 0.973
    173 0.956
    173 0.897
    173 0.87
    173 0.816
    173 0.749
    172 0.989
    172 0.916
    172 0.91
    172 0.797
    172 0.729
    172 0.582
    171 0.88
    171 0.717
    171 0.701
    170 0.831
    170 0.723
    170 0.56
    169 0.904
    168 0.848
    168 0.791
    168 0.789
    167 0.835
    167 0.776
    167 0.731
    167 0.718
    167 0.712
    167 0.694
    167 0.668
    166 0.928
    166 0.922
    166 0.918
    166 0.911
    166 0.763
    166 0.736
    166 0.73
    166 0.646
    166 0.499
    165 0.915
    165 0.866
    165 0.861
    165 0.844
    165 0.764
    165 0.695
    165 0.671
    164 0.868
    164 0.655
    163 0.794
    162 0.994
    162 0.925
    162 0.865
    162 0.815
    162 0.686
    161 0.905
    161 0.864
    161 0.804
    161 0.756
    161 0.689
    161 0.621
    160 0.997
    160 0.976
    160 0.908
    160 0.889
    160 0.829
    160 0.824
    160 0.682
    160 0.525
    159 0.971
    159 0.888
    159 0.752
    159 0.702
    159 0.669
    159 0.664
    159 0.601
    159 0.569
    158 0.965
    158 0.84
    158 0.825
    158 0.812
    158 0.76
    158 0.71
    158 0.678
    157 0.846
    157 0.837
    157 0.834
    157 0.722
    157 0.626
    157 0.562
    156 0.853
    156 0.832
    156 0.758
    156 0.716
    156 0.703
    155 0.771
    154 0.808
    154 0.799
    154 0.759
    154 0.74
    154 0.619
    154 0.607
    154 0.564
    154 0.502
    153 0.992
    153 0.821
    153 0.806
    153 0.78
    153 0.708
    153 0.676
    152 0.99
    152 0.923
    152 0.79
    152 0.783
    152 0.781
    152 0.674
    152 0.672
    151 0.765
    151 0.697
    151 0.659
    151 0.481
    150 0.996
    150 0.986
    150 0.847
    150 0.767
    150 0.757
    150 0.66
    149 0.972
    149 0.899
    149 0.826
    149 0.82
    149 0.755
    149 0.753
    149 0.724
    149 0.665
    148 0.984
    148 0.919
    148 0.819
    148 0.809
    148 0.805
    147 0.901
    147 0.813
    147 0.704
    147 0.681
    147 0.673
    147 0.648
    146 0.893
    146 0.782
    146 0.768
    146 0.687
    145 0.733
    145 0.688
    145 0.609
    145 0.448
    144 0.881
    144 0.807
    144 0.787
    144 0.572
    144 0.555
    143 0.887
    143 0.822
    143 0.684
    143 0.634
    143 0.63
    143 0.583
    143 0.487
    142 0.795
    142 0.777
    142 0.773
    142 0.732
    142 0.651
    142 0.61
    142 0.496
    141 0.81
    141 0.683
    141 0.644
    141 0.62
    141 0.473
    140 0.721
    140 0.661
    140 0.598
    139 0.851
    139 0.747
    139 0.725
    139 0.526
    138 0.862
    138 0.766
    138 0.698
    138 0.534
    137 0.895
    137 0.827
    137 0.741
    137 0.642
    137 0.614
    137 0.593
    136 0.748
    136 0.622
    136 0.517
    135 0.793
    135 0.735
    135 0.658
    135 0.479
    134 0.998
    134 0.987
    134 0.852
    134 0.692
    134 0.652
    134 0.623
    134 0.59
    134 0.511
    133 0.926
    133 0.762
    133 0.746
    133 0.693
    133 0.667
    133 0.663
    133 0.649
    133 0.552
    132 0.543
    131 0.785
    131 0.775
    131 0.685
    131 0.656
    131 0.643
    131 0.608
    130 0.811
    130 0.778
    130 0.679
    130 0.657
    130 0.618
    130 0.415
    129 0.709
    129 0.551
    129 0.538
    128 0.761
    128 0.699
    128 0.64
    128 0.632
    128 0.602
    128 0.579
    127 0.814
    127 0.636
    127 0.613
    126 0.798
    126 0.68
    126 0.554
    125 0.734
    125 0.633
    125 0.629
    125 0.599
    125 0.556
    125 0.539
    125 0.492
    125 0.485
    124 0.627
    124 0.586
    124 0.58
    124 0.575
    124 0.54
    124 0.505
    124 0.287
    123 0.754
    123 0.638
    123 0.53
    123 0.489
    122 0.536
    122 0.508
    121 0.576
    121 0.574
    121 0.532
    120 0.774
    120 0.592
    120 0.568
    120 0.519
    120 0.468
    119 0.707
    119 0.654
    119 0.55
    119 0.537
    119 0.484
    118 0.784
    118 0.77
    118 0.578
    118 0.559
    118 0.477
    117 0.641
    117 0.628
    117 0.604
    117 0.595
    117 0.419
    116 0.772
    116 0.691
    116 0.647
    116 0.635
    116 0.558
    116 0.51
    116 0.436
    115 0.645
    115 0.639
    115 0.6
    115 0.494
    115 0.467
    114 0.624
    114 0.597
    114 0.589
    114 0.57
    114 0.465
    113 0.612
    113 0.605
    113 0.521
    113 0.516
    113 0.48
    113 0.441
    112 0.588
    112 0.459
    112 0.414
    111 0.779
    111 0.616
    111 0.585
    111 0.524
    111 0.509
    111 0.491
    110 0.65
    110 0.506
    110 0.462
    110 0.377
    109 0.751
    109 0.528
    109 0.488
    109 0.449
    109 0.427
    108 0.547
    108 0.546
    107 0.603
    107 0.446
    107 0.373
    106 0.587
    106 0.541
    106 0.434
    105 0.617
    105 0.567
    105 0.566
    105 0.52
    105 0.498
    105 0.493
    105 0.472
    105 0.45
    104 0.662
    104 0.637
    104 0.615
    104 0.596
    104 0.497
    103 0.631
    103 0.5
    103 0.44
    102 0.584
    102 0.577
    102 0.475
    101 0.432
    100 0.545
    100 0.515
    100 0.486
    100 0.438
    100 0.412
     99 0.581
     99 0.476
     99 0.474
     99 0.464
     98 0.512
     98 0.471
     98 0.457
     98 0.403
     98 0.394
     97 0.542
     97 0.518
     97 0.495
     97 0.443
     97 0.429
     97 0.396
     97 0.338
     96 0.611
     96 0.561
     96 0.447
     96 0.411
     95 0.531
     95 0.527
     95 0.458
     95 0.402
     95 0.351
     94 0.549
     94 0.507
     94 0.483
     94 0.452
     94 0.442
     94 0.42
     93 0.501
     93 0.423
     93 0.406
     92 0.529
     92 0.523
     91 0.653
     91 0.594
     91 0.548
     91 0.469
     91 0.422
     91 0.4
     91 0.399
     90 0.557
     90 0.455
     90 0.437
     89 0.535
     89 0.416
     89 0.408
     89 0.322
     89 0.315
     88 0.514
     88 0.504
     88 0.478
     88 0.46
     88 0.456
     88 0.418
     88 0.393
     88 0.382
     88 0.336
     87 0.463
     87 0.404
     87 0.293
     86 0.591
     86 0.482
     86 0.306
     85 0.49
     85 0.332
     85 0.309
     84 0.426
     84 0.389
     84 0.327
     83 0.386
     83 0.385
     83 0.291
     82 0.461
     82 0.405
     82 0.307
     82 0.28
     81 0.431
     81 0.43
     81 0.371
     81 0.37
     81 0.346
     81 0.21
     80 0.544
     80 0.47
     80 0.428
     80 0.413
     80 0.407
     80 0.391
     80 0.374
     79 0.451
     79 0.444
     79 0.433
     79 0.421
     79 0.383
     79 0.366
     79 0.362
     79 0.339
     78 0.999
     78 0.445
     77 0.435
     77 0.424
     77 0.409
     77 0.375
     77 0.32
     76 0.503
     76 0.454
     76 0.417
     76 0.344
     76 0.329
     76 0.318
     76 0.178
     75 0.439
     75 0.425
     75 0.388
     75 0.387
     75 0.308
     74 0.453
     74 0.41
     74 0.292
     73 0.401
     73 0.372
     73 0.364
     72 0.358
     72 0.356
     72 0.334
     72 0.324
     71 0.369
     71 0.323
     70 0.363
     70 0.298
     70 0.295
     69 0.466
     69 0.368
     69 0.342
     69 0.337
     69 0.33
     69 0.274
     68 0.513
     68 0.365
     68 0.349
     68 0.347
     68 0.34
     68 0.326
     68 0.305
     67 0.395
     67 0.378
     67 0.367
     67 0.314
     66 0.398
     66 0.39
     66 0.333
     66 0.313
     66 0.304
     65 0.392
     65 0.381
     65 0.294
     64 0.35
     64 0.299
     63 0.281
     62 0.397
     62 0.354
     62 0.328
     62 0.277
     62 0.242
     62 0.145
     61 0.384
     61 0.355
     61 0.319
     61 0.31
     61 0.271
     61 0.268
     61 0.264
     61 0.224
     60 0.376
     60 0.285
     60 0.269
     59 0.379
     59 0.361
     59 0.341
     59 0.297
     59 0.296
     59 0.273
     59 0.23
     59 0.198
     58 0.316
     58 0.289
     58 0.272
     58 0.236
     58 0.213
     58 0.201
     58 0.2
     57 0.36
     57 0.331
     57 0.284
     57 0.282
     57 0.265
     56 0.38
     56 0.325
     56 0.311
     56 0.232
     56 0.229
     56 0.223
     56 0.168
     56 0.124
     55 0.357
     55 0.321
     55 0.303
     55 0.183
     55 0.158
     54 0.348
     54 0.257
     54 0.247
     54 0.233
     53 0.359
     53 0.335
     53 0.266
     53 0.254
     53 0.215
     53 0.204
     53 0.175
     52 0.301
     52 0.3
     52 0.29
     52 0.255
     51 0.352
     51 0.345
     51 0.251
     51 0.205
     50 0.312
     50 0.267
     50 0.249
     50 0.237
     50 0.209
     49 0.353
     49 0.278
     49 0.248
     49 0.206
     48 0.262
     48 0.228
     48 0.202
     48 0.192
     48 0.187
     47 0.343
     47 0.288
     47 0.217
     47 0.194
     47 0.143
     47 0.131
     47 0.13
     46 0.317
     46 0.27
     46 0.244
     46 0.154
     45 0.302
     45 0.275
     45 0.26
     45 0.256
     45 0.207
     45 0.196
     45 0.184
     45 0.127
     44 0.253
     44 0.245
     44 0.225
     44 0.182
     43 0.235
     43 0.197
     43 0.191
     43 0.185
     42 0.286
     42 0.261
     42 0.241
     42 0.227
     42 0.134
     42 0.11
     41 0.279
     41 0.258
     41 0.25
     41 0.246
     41 0.243
     41 0.226
     41 0.22
     41 0.219
     41 0.161
     41 0.159
     41 0.153
     41 0.137
     40 0.283
     40 0.276
     40 0.259
     40 0.239
     40 0.218
     40 0.214
     40 0.212
     40 0.195
     40 0.18
     40 0.148
     40 0.114
     40 0.108
     39 0.252
     39 0.234
     39 0.231
     39 0.165
     39 0.139
     38 0.263
     38 0.24
     38 0.203
     38 0.177
     38 0.118
     37 0.199
     37 0.171
     37 0.15
     37 0.149
     37 0.119
     37 0.111
     36 0.208
     36 0.19
     36 0.188
     36 0.156
     36 0.152
     35 0.179
     35 0.125
     35 0.116
     34 0.222
     34 0.172
     33 0.174
     33 0.157
     33 0.146
     33 0.144
     33 0.122
     33 0.107
     32 0.221
     32 0.189
     32 0.17
     32 0.169
     32 0.167
     32 0.166
     32 0.138
     32 0.126
     31 0.181
     31 0.16
     31 0.128
     31 0.123
     31 0.109
     30 0.238
     30 0.193
     30 0.173
     30 0.163
     30 0.142
     30 0.136
     30 0.121
     29 0.186
     29 0.162
     29 0.155
     29 0.151
     29 0.133
     29 0.117
     29 0.113
     28 2.03e-05
     28 0.211
     28 0.147
     28 0.141
     28 0.12
     28 0.115
     28 0.112
     28 0.105
     28 0.103
     26 0.176
     26 0.14
     26 0.106
     25 1.0
     25 0.102
     25 0.101
     24 0.216
     24 0.135
     24 0.132
     23 0.129
     22 0.164
     22 0.068
     20 0.104
     11 0.1
     11 0.09
     10 0.0915
      9 0.0831
      8 2.01e-05
      8 0.096
      8 0.0907
      8 0.0854
      8 0.0832
      8 0.0767
      8 0.0762
      8 0.0695
      8 0.0686
      8 0.0563
      8 0.056
      8 0.0546
      8 0.0455
      8 0.0296
      7 0.0971
      7 0.0949
      7 0.0859
      7 0.0825
      7 0.076
      7 0.074
      7 0.0736
      7 0.0717
      7 0.0715
      7 0.0709
      7 0.0696
      7 0.0665
      7 0.0652
      7 0.0613
      7 0.0555
      7 0.0529
      7 0.0464
      7 0.0459
      7 0.0414
      7 0.0349
      6 0.0981
      6 0.0966
      6 0.0958
      6 0.095
      6 0.0866
      6 0.0845
      6 0.0713
      6 0.0708
      6 0.0679
      6 0.0659
      6 0.0646
      6 0.0639
      6 0.0621
      6 0.0614
      6 0.06
      6 0.058
      6 0.0578
      6 0.0469
      6 0.0431
      6 0.0413
      6 0.0405
      6 0.0401
      6 0.0367
      6 0.0353
      6 0.0335
      6 0.0323
      6 0.0314
      6 0.0223
      6 0.0191
      6 0.0186
      6 0.0167
      6 0.0153
      6 0.0138
      6 0.0134
      6 0.0132
      6 0.0126
      5 0.0993
      5 0.0987
      5 0.0977
      5 0.0973
      5 0.097
      5 0.0916
      5 0.091
      5 0.0883
      5 0.0863
      5 0.086
      5 0.0821
      5 0.0757
      5 0.073
      5 0.0725
      5 0.0712
      5 0.0697
      5 0.0671
      5 0.0656
      5 0.0654
      5 0.0651
      5 0.063
      5 0.0623
      5 0.0596
      5 0.0569
      5 0.0549
      5 0.0547
      5 0.0545
      5 0.0538
      5 0.052
      5 0.0519
      5 0.0506
      5 0.0501
      5 0.0485
      5 0.0466
      5 0.0463
      5 0.0452
      5 0.0399
      5 0.0384
      5 0.0378
      5 0.0368
      5 0.0361
      5 0.0359
      5 0.0355
      5 0.0338
      5 0.0299
      5 0.0297
      5 0.0294
      5 0.0272
      5 0.0242
      5 0.0195
      5 0.0172
      5 0.0158
      5 0.0123
      5 0.0111
      4 2.02e-05
      4 0.0995
      4 0.0989
      4 0.0984
      4 0.0968
      4 0.0959
      4 0.0952
      4 0.0945
      4 0.0942
      4 0.094
      4 0.0939
      4 0.0927
      4 0.0924
      4 0.0903
      4 0.0856
      4 0.0851
      4 0.085
      4 0.0833
      4 0.083
      4 0.0816
      4 0.0801
      4 0.08
      4 0.0788
      4 0.0787
      4 0.0785
      4 0.0781
      4 0.0774
      4 0.0759
      4 0.0755
      4 0.0754
      4 0.0749
      4 0.0748
      4 0.0742
      4 0.0734
      4 0.0733
      4 0.0724
      4 0.0721
      4 0.0693
      4 0.0685
      4 0.0683
      4 0.0675
      4 0.0663
      4 0.0653
      4 0.0629
      4 0.0625
      4 0.0617
      4 0.0612
      4 0.0608
      4 0.0605
      4 0.0601
      4 0.0598
      4 0.0592
      4 0.0586
      4 0.0584
      4 0.0568
      4 0.0553
      4 0.0543
      4 0.0542
      4 0.0531
      4 0.0525
      4 0.0523
      4 0.0511
      4 0.05
      4 0.0494
      4 0.0489
      4 0.0465
      4 0.0458
      4 0.0456
      4 0.0448
      4 0.0443
      4 0.044
      4 0.0427
      4 0.0423
      4 0.0409
      4 0.0406
      4 0.04
      4 0.039
      4 0.0383
      4 0.038
      4 0.0369
      4 0.0342
      4 0.034
      4 0.0333
      4 0.032
      4 0.0303
      4 0.0288
      4 0.0286
      4 0.0276
      4 0.0273
      4 0.0271
      4 0.0268
      4 0.0264
      4 0.0254
      4 0.0224
      4 0.0213
      4 0.0196
      4 0.0192
      4 0.0176
      4 0.0155
      4 0.015
      4 0.0128
      4 0.0119
      4 0.0114
      4 0.0112
      4 0.0109
      4 0.00572
      4 0.00432
      4 0.000638
      3 6.19e-05
      3 0.0999
      3 0.0996
      3 0.0986
      3 0.0975
      3 0.0964
      3 0.0963
      3 0.0953
      3 0.0951
      3 0.0948
      3 0.0947
      3 0.0946
      3 0.0943
      3 0.0938
      3 0.0935
      3 0.0933
      3 0.0931
      3 0.0928
      3 0.0921
      3 0.0914
      3 0.0902
      3 0.0892
      3 0.0891
      3 0.0885
      3 0.0882
      3 0.0878
      3 0.0873
      3 0.0869
      3 0.0868
      3 0.0867
      3 0.0857
      3 0.0847
      3 0.0841
      3 0.0836
      3 0.082
      3 0.0811
      3 0.081
      3 0.0809
      3 0.0797
      3 0.079
      3 0.0782
      3 0.0768
      3 0.0764
      3 0.075
      3 0.0747
      3 0.0743
      3 0.0739
      3 0.0737
      3 0.0727
      3 0.072
      3 0.0718
      3 0.0716
      3 0.071
      3 0.0704
      3 0.0699
      3 0.0684
      3 0.0682
      3 0.0678
      3 0.0674
      3 0.067
      3 0.0657
      3 0.0649
      3 0.0643
      3 0.0642
      3 0.0636
      3 0.062
      3 0.0615
      3 0.0606
      3 0.0594
      3 0.0593
      3 0.0591
      3 0.059
      3 0.0588
      3 0.0582
      3 0.057
      3 0.0565
      3 0.0562
      3 0.0561
      3 0.0559
      3 0.0556
      3 0.0552
      3 0.0551
      3 0.055
      3 0.054
      3 0.0534
      3 0.0515
      3 0.0513
      3 0.0507
      3 0.0504
      3 0.0493
      3 0.049
      3 0.0487
      3 0.0472
      3 0.047
      3 0.046
      3 0.0454
      3 0.0451
      3 0.0444
      3 0.0434
      3 0.0429
      3 0.0421
      3 0.0419
      3 0.0412
      3 0.0404
      3 0.0392
      3 0.0391
      3 0.0388
      3 0.0377
      3 0.0373
      3 0.0371
      3 0.0358
      3 0.0344
      3 0.0343
      3 0.0341
      3 0.0339
      3 0.0337
      3 0.0334
      3 0.033
      3 0.0327
      3 0.0326
      3 0.0325
      3 0.0324
      3 0.0319
      3 0.0318
      3 0.0313
      3 0.0308
      3 0.0304
      3 0.0301
      3 0.0298
      3 0.0295
      3 0.0289
      3 0.0287
      3 0.0277
      3 0.027
      3 0.0267
      3 0.0263
      3 0.026
      3 0.0253
      3 0.0251
      3 0.0249
      3 0.0248
      3 0.0238
      3 0.0217
      3 0.0216
      3 0.021
      3 0.0208
      3 0.0205
      3 0.02
      3 0.0193
      3 0.0185
      3 0.0177
      3 0.0163
      3 0.0161
      3 0.0156
      3 0.0154
      3 0.0149
      3 0.0146
      3 0.0142
      3 0.014
      3 0.0135
      3 0.0133
      3 0.0125
      3 0.012
      3 0.0102
      3 0.00165
      2 7.06e-05
      2 4.28e-05
      2 0.0994
      2 0.0992
      2 0.0988
      2 0.0985
      2 0.098
      2 0.0976
      2 0.0974
      2 0.0972
      2 0.0965
      2 0.0962
      2 0.0961
      2 0.0956
      2 0.0955
      2 0.0944
      2 0.0936
      2 0.0926
      2 0.0925
      2 0.0923
      2 0.0917
      2 0.0909
      2 0.0908
      2 0.0906
      2 0.0901
      2 0.0899
      2 0.0898
      2 0.0896
      2 0.0895
      2 0.0893
      2 0.0888
      2 0.0887
      2 0.0877
      2 0.0875
      2 0.0874
      2 0.0872
      2 0.0871
      2 0.087
      2 0.0865
      2 0.0861
      2 0.0858
      2 0.0848
      2 0.0839
      2 0.0838
      2 0.0835
      2 0.0834
      2 0.0828
      2 0.0826
      2 0.0824
      2 0.0822
      2 0.0819
      2 0.0812
      2 0.0808
      2 0.0806
      2 0.0805
      2 0.0803
      2 0.0799
      2 0.0798
      2 0.0791
      2 0.0786
      2 0.0778
      2 0.0776
      2 0.0769
      2 0.0756
      2 0.0752
      2 0.0745
      2 0.0738
      2 0.0735
      2 0.0731
      2 0.0729
      2 0.0726
      2 0.0722
      2 0.0714
      2 0.0711
      2 0.0705
      2 0.0703
      2 0.0702
      2 0.0701
      2 0.0691
      2 0.0688
      2 0.0681
      2 0.0666
      2 0.0664
      2 0.0661
      2 0.0658
      2 0.0648
      2 0.0647
      2 0.064
      2 0.0637
      2 0.0635
      2 0.0628
      2 0.0626
      2 0.0616
      2 0.0607
      2 0.0604
      2 0.0603
      2 0.0597
      2 0.0585
      2 0.0583
      2 0.0581
      2 0.0579
      2 0.0577
      2 0.0576
      2 0.0575
      2 0.0572
      2 0.0567
      2 0.0566
      2 0.0564
      2 0.0557
      2 0.0554
      2 0.0536
      2 0.0522
      2 0.0521
      2 0.0517
      2 0.0514
      2 0.051
      2 0.0509
      2 0.0508
      2 0.0505
      2 0.0503
      2 0.0502
      2 0.0499
      2 0.0498
      2 0.0496
      2 0.0495
      2 0.0488
      2 0.048
      2 0.0479
      2 0.0477
      2 0.0476
      2 0.0473
      2 0.0471
      2 0.0467
      2 0.0457
      2 0.0453
      2 0.045
      2 0.0449
      2 0.0442
      2 0.0441
      2 0.0438
      2 0.043
      2 0.0408
      2 0.0407
      2 0.0402
      2 0.0397
      2 0.0386
      2 0.0379
      2 0.0376
      2 0.0375
      2 0.0374
      2 0.0372
      2 0.0366
      2 0.0363
      2 0.0362
      2 0.0357
      2 0.0352
      2 0.0347
      2 0.0346
      2 0.0345
      2 0.0328
      2 0.0321
      2 0.0317
      2 0.0315
      2 0.0312
      2 0.0309
      2 0.0307
      2 0.0306
      2 0.0305
      2 0.0302
      2 0.03
      2 0.0293
      2 0.0292
      2 0.0285
      2 0.0284
      2 0.0283
      2 0.0282
      2 0.028
      2 0.0269
      2 0.0265
      2 0.0261
      2 0.0259
      2 0.0257
      2 0.0256
      2 0.0252
      2 0.0244
      2 0.0243
      2 0.0239
      2 0.0237
      2 0.0236
      2 0.0235
      2 0.0234
      2 0.0232
      2 0.0231
      2 0.0229
      2 0.0228
      2 0.0222
      2 0.0221
      2 0.0212
      2 0.0203
      2 0.0202
      2 0.0199
      2 0.019
      2 0.0189
      2 0.0187
      2 0.0184
      2 0.0182
      2 0.0181
      2 0.0179
      2 0.0173
      2 0.0171
      2 0.017
      2 0.0168
      2 0.0162
      2 0.0159
      2 0.0145
      2 0.0143
      2 0.013
      2 0.0122
      2 0.0121
      2 0.0118
      2 0.0117
      2 0.0116
      2 0.011
      2 0.0106
      2 0.0101
      2 0.00947
      2 0.00941
      2 0.00928
      2 0.00924
      2 0.009
      2 0.00889
      2 0.00879
      2 0.00796
      2 0.00779
      2 0.00743
      2 0.00738
      2 0.00701
      2 0.00696
      2 0.00674
      2 0.00579
      2 0.00559
      2 0.00552
      2 0.00504
      2 0.00486
      2 0.00478
      2 0.00409
      2 0.00391
      2 0.00384
      2 0.00375
      2 0.00352
      2 0.00342
      2 0.00291
      2 0.00277
      2 0.00273
      2 0.00256
      2 0.00242
      2 0.00229
      2 0.00226
      2 0.00225
      2 0.00222
      2 0.00209
      2 0.00179
      2 0.00176
      2 0.00174
      2 0.00129
      2 0.00108
      2 0.000965
      2 0.000804
      2 0.000594
      1 8e-05
      1 7.95e-05
      1 7.4e-05
      1 7.26e-05
      1 6.4e-05
      1 6.03e-05
      1 5.9e-05
      1 3.05e-05
      1 0.0997
      1 0.099
      1 0.0983
      1 0.0982
      1 0.0979
      1 0.0941
      1 0.0937
      1 0.0934
      1 0.0932
      1 0.093
      1 0.0929
      1 0.0922
      1 0.0919
      1 0.0918
      1 0.0913
      1 0.0912
      1 0.0905
      1 0.0904
      1 0.0897
      1 0.0894
      1 0.0889
      1 0.0884
      1 0.0881
      1 0.088
      1 0.0879
      1 0.0876
      1 0.0864
      1 0.0855
      1 0.0846
      1 0.084
      1 0.0837
      1 0.0829
      1 0.0827
      1 0.0823
      1 0.0818
      1 0.0817
      1 0.0814
      1 0.0804
      1 0.0794
      1 0.0792
      1 0.0789
      1 0.0783
      1 0.078
      1 0.0779
      1 0.0777
      1 0.0775
      1 0.0772
      1 0.0771
      1 0.077
      1 0.0766
      1 0.0765
      1 0.0763
      1 0.0761
      1 0.0758
      1 0.0753
      1 0.0751
      1 0.0744
      1 0.0732
      1 0.0723
      1 0.0719
      1 0.0707
      1 0.0706
      1 0.07
      1 0.0698
      1 0.0694
      1 0.0692
      1 0.0677
      1 0.0673
      1 0.0669
      1 0.0668
      1 0.0662
      1 0.066
      1 0.0655
      1 0.065
      1 0.0645
      1 0.0644
      1 0.0638
      1 0.0634
      1 0.0633
      1 0.0631
      1 0.0627
      1 0.0622
      1 0.0619
      1 0.0618
      1 0.061
      1 0.0609
      1 0.0599
      1 0.0595
      1 0.0589
      1 0.0587
      1 0.0573
      1 0.0541
      1 0.0539
      1 0.0537
      1 0.0535
      1 0.0533
      1 0.0532
      1 0.053
      1 0.0526
      1 0.0524
      1 0.0516
      1 0.0512
      1 0.0497
      1 0.0491
      1 0.0486
      1 0.0484
      1 0.0474
      1 0.0462
      1 0.0461
      1 0.0446
      1 0.0445
      1 0.0437
      1 0.0436
      1 0.0435
      1 0.0433
      1 0.0424
      1 0.0422
      1 0.0418
      1 0.0416
      1 0.0415
      1 0.0403
      1 0.0398
      1 0.0394
      1 0.0393
      1 0.0389
      1 0.0385
      1 0.0382
      1 0.0381
      1 0.037
      1 0.0364
      1 0.036
      1 0.0356
      1 0.0354
      1 0.0348
      1 0.0336
      1 0.0332
      1 0.0331
      1 0.0329
      1 0.0322
      1 0.0316
      1 0.031
      1 0.0281
      1 0.0279
      1 0.0278
      1 0.0275
      1 0.0274
      1 0.0266
      1 0.025
      1 0.0246
      1 0.0245
      1 0.0233
      1 0.023
      1 0.0225
      1 0.022
      1 0.0219
      1 0.0218
      1 0.0215
      1 0.0214
      1 0.0211
      1 0.0207
      1 0.0206
      1 0.0204
      1 0.0201
      1 0.0197
      1 0.0188
      1 0.0183
      1 0.018
      1 0.0178
      1 0.0174
      1 0.0165
      1 0.016
      1 0.0157
      1 0.0152
      1 0.0148
      1 0.0144
      1 0.0141
      1 0.0139
      1 0.0137
      1 0.0136
      1 0.0131
      1 0.0127
      1 0.0115
      1 0.0108
      1 0.0107
      1 0.0104
      1 0.01
      1 0.00998
      1 0.00993
      1 0.00988
      1 0.00983
      1 0.00981
      1 0.00979
      1 0.0097
      1 0.00965
      1 0.00961
      1 0.00959
      1 0.00958
      1 0.00957
      1 0.00954
      1 0.00952
      1 0.00943
      1 0.0094
      1 0.00935
      1 0.00919
      1 0.00915
      1 0.00912
      1 0.00906
      1 0.00901
      1 0.00896
      1 0.00895
      1 0.00892
      1 0.00885
      1 0.00874
      1 0.00873
      1 0.00871
      1 0.00867
      1 0.0086
      1 0.00848
      1 0.00847
      1 0.00832
      1 0.00831
      1 0.00827
      1 0.00824
      1 0.00821
      1 0.0082
      1 0.00807
      1 0.00806
      1 0.00804
      1 0.00799
      1 0.0079
      1 0.00789
      1 0.00788
      1 0.00785
      1 0.00782
      1 0.00778
      1 0.00772
      1 0.0077
      1 0.00769
      1 0.00759
      1 0.00757
      1 0.00756
      1 0.00742
      1 0.00735
      1 0.00733
      1 0.00728
      1 0.00727
      1 0.00725
      1 0.00723
      1 0.00722
      1 0.00717
      1 0.00714
      1 0.00709
      1 0.00708
      1 0.00706
      1 0.00695
      1 0.00694
      1 0.00693
      1 0.00692
      1 0.00689
      1 0.00675
      1 0.00669
      1 0.00655
      1 0.00638
      1 0.00635
      1 0.00627
      1 0.00618
      1 0.00609
      1 0.00607
      1 0.00598
      1 0.00597
      1 0.00588
      1 0.00582
      1 0.00581
      1 0.00571
      1 0.00569
      1 0.00568
      1 0.0056
      1 0.00555
      1 0.0055
      1 0.00547
      1 0.00543
      1 0.00535
      1 0.00533
      1 0.0052
      1 0.00516
      1 0.00515
      1 0.00512
      1 0.00506
      1 0.00503
      1 0.00502
      1 0.005
      1 0.00495
      1 0.00489
      1 0.00485
      1 0.00483
      1 0.00467
      1 0.00456
      1 0.00455
      1 0.00453
      1 0.00442
      1 0.00428
      1 0.0041
      1 0.00405
      1 0.00402
      1 0.004
      1 0.00397
      1 0.00395
      1 0.0038
      1 0.00378
      1 0.00361
      1 0.00358
      1 0.00356
      1 0.00346
      1 0.00344
      1 0.00341
      1 0.00338
      1 0.00336
      1 0.00333
      1 0.00332
      1 0.0033
      1 0.00328
      1 0.00325
      1 0.00323
      1 0.00316
      1 0.00314
      1 0.00313
      1 0.00308
      1 0.00305
      1 0.00303
      1 0.00298
      1 0.00282
      1 0.0028
      1 0.00269
      1 0.00267
      1 0.00257
      1 0.0025
      1 0.00248
      1 0.00246
      1 0.00243
      1 0.00241
      1 0.00224
      1 0.0022
      1 0.00219
      1 0.00217
      1 0.00216
      1 0.00214
      1 0.00213
      1 0.00212
      1 0.00207
      1 0.00202
      1 0.00201
      1 0.0019
      1 0.00189
      1 0.00188
      1 0.00186
      1 0.00181
      1 0.0018
      1 0.00175
      1 0.00166
      1 0.00159
      1 0.00158
      1 0.00153
      1 0.00148
      1 0.00147
      1 0.00144
      1 0.00136
      1 0.00125
      1 0.000734
      1 0.000719
      1 0.000687
      1 0.00066
      1 0.000603
      1 0.000574
      1 0.000553
      1 0.000544
      1 0.000512
      1 0.00048
      1 0.000272
      1 0.000271
      1 0.000257
      1 0.000252
      1 0.000242
      1 0.000179
      1 0.000173
      1 0.000103
