    406 0.647
    331 0.609
    330 0.579
    324 0.685
    316 0.602
    305 0.689
    303 0.524
    294 0.598
    294 0.586
    291 0.626
    290 0.631
    289 0.582
    289 0.56
    287 0.607
    282 0.534
    281 0.576
    281 0.545
    274 0.532
    273 0.593
    272 0.627
    272 0.588
    272 0.568
    270 0.714
    270 0.687
    268 0.795
    268 0.671
    267 0.573
    266 0.639
    266 0.569
    264 0.623
    263 0.535
    261 0.653
    260 0.616
    259 0.603
    259 0.497
    258 0.503
    257 0.661
    257 0.596
    256 0.533
    255 0.679
    255 0.637
    255 0.521
    254 0.705
    253 0.629
    253 0.546
    252 0.601
    252 0.543
    250 0.523
    249 0.565
    248 0.658
    247 0.65
    247 0.555
    246 0.611
    246 0.608
    246 0.592
    246 0.553
    246 0.549
    246 0.516
    245 0.682
    245 0.678
    245 0.634
    244 0.807
    244 0.674
    244 0.541
    244 0.509
    243 0.67
    242 0.707
    242 0.581
    242 0.51
    242 0.498
    241 0.683
    241 0.621
    240 0.529
    239 0.665
    239 0.651
    239 0.635
    239 0.518
    238 0.654
    238 0.649
    238 0.64
    238 0.636
    237 0.632
    237 0.606
    237 0.589
    236 0.69
    236 0.615
    236 0.572
    236 0.558
    236 0.536
    235 0.693
    235 0.619
    234 0.605
    234 0.519
    233 0.715
    233 0.663
    233 0.604
    232 0.686
    232 0.63
    232 0.544
    232 0.512
    231 0.688
    231 0.633
    231 0.563
    231 0.489
    230 0.657
    230 0.625
    230 0.591
    230 0.492
    229 0.584
    228 0.711
    228 0.648
    228 0.614
    228 0.594
    228 0.561
    227 0.748
    227 0.704
    227 0.486
    226 0.691
    226 0.666
    226 0.552
    226 0.527
    225 0.694
    225 0.662
    225 0.62
    225 0.567
    225 0.559
    225 0.517
    224 0.73
    224 0.684
    224 0.677
    224 0.673
    224 0.58
    224 0.578
    224 0.494
    223 0.759
    223 0.574
    222 0.737
    222 0.708
    222 0.66
    222 0.508
    221 0.706
    221 0.483
    220 0.787
    219 0.703
    219 0.695
    219 0.537
    219 0.52
    219 0.514
    219 0.484
    218 0.753
    218 0.617
    217 0.731
    217 0.728
    217 0.676
    217 0.655
    217 0.525
    217 0.522
    217 0.511
    216 0.643
    216 0.641
    216 0.622
    216 0.61
    216 0.599
    216 0.566
    216 0.493
    215 0.587
    215 0.556
    215 0.55
    214 0.577
    214 0.467
    213 0.652
    213 0.595
    213 0.59
    213 0.548
    213 0.53
    212 0.716
    212 0.57
    212 0.554
    211 0.736
    211 0.701
    211 0.675
    211 0.513
    211 0.506
    210 0.702
    210 0.488
    210 0.457
    209 0.583
    209 0.571
    209 0.504
    209 0.499
    209 0.495
    208 0.585
    208 0.575
    207 0.699
    207 0.531
    207 0.528
    206 0.738
    206 0.613
    206 0.538
    205 0.718
    205 0.71
    205 0.597
    205 0.557
    205 0.507
    204 0.669
    204 0.646
    204 0.618
    204 0.562
    204 0.526
    203 0.664
    203 0.515
    202 0.477
    201 0.733
    200 0.712
    200 0.667
    200 0.539
    200 0.502
    200 0.501
    200 0.468
    199 0.734
    199 0.725
    199 0.721
    199 0.709
    199 0.696
    197 0.68
    197 0.401
    196 0.751
    196 0.735
    195 0.5
    195 0.49
    194 0.659
    194 0.564
    193 0.742
    193 0.698
    193 0.656
    193 0.6
    193 0.547
    193 0.505
    192 0.754
    192 0.74
    192 0.645
    192 0.542
    192 0.491
    191 0.724
    191 0.644
    191 0.551
    191 0.472
    190 0.804
    190 0.798
    190 0.723
    190 0.692
    190 0.638
    190 0.456
    189 0.719
    189 0.668
    188 0.756
    188 0.7
    188 0.459
    187 0.612
    187 0.481
    186 0.727
    186 0.628
    185 0.496
    184 0.474
    184 0.473
    183 0.743
    182 0.624
    182 0.44
    181 0.744
    181 0.442
    180 0.741
    180 0.697
    180 0.469
    179 0.462
    179 0.448
    178 0.775
    178 0.726
    178 0.487
    178 0.423
    177 0.739
    177 0.729
    177 0.464
    176 0.672
    176 0.642
    173 0.776
    173 0.752
    173 0.713
    173 0.465
    172 0.479
    171 0.681
    170 0.449
    170 0.445
    170 0.444
    169 0.447
    168 0.54
    168 0.48
    167 0.812
    167 0.791
    167 0.745
    167 0.478
    166 0.732
    166 0.485
    166 0.482
    166 0.433
    165 0.755
    165 0.426
    164 0.813
    164 0.785
    164 0.771
    164 0.765
    164 0.746
    164 0.475
    164 0.437
    164 0.428
    163 0.722
    162 0.461
    162 0.452
    160 0.717
    160 0.47
    160 0.417
    160 0.406
    159 0.758
    159 0.72
    158 0.747
    158 0.476
    157 0.471
    157 0.463
    157 0.434
    156 0.803
    156 0.761
    156 0.458
    156 0.453
    156 0.45
    156 0.446
    156 0.403
    155 0.454
    155 0.436
    152 0.768
    152 0.43
    151 0.466
    151 0.438
    150 0.77
    150 0.455
    150 0.429
    150 0.404
    149 0.439
    149 0.427
    148 0.451
    148 0.432
    147 0.797
    147 0.435
    147 0.421
    147 0.418
    147 0.409
    146 0.749
    145 0.783
    145 0.779
    144 0.414
    143 0.802
    143 0.778
    143 0.762
    143 0.425
    142 0.773
    141 0.766
    141 0.75
    141 0.443
    141 0.431
    141 0.382
    140 0.788
    140 0.416
    139 0.792
    139 0.78
    139 0.767
    139 0.412
    139 0.393
    138 0.763
    138 0.757
    138 0.441
    137 0.799
    137 0.764
    137 0.42
    136 0.76
    136 0.387
    135 0.789
    135 0.781
    134 0.782
    133 0.81
    133 0.46
    133 0.402
    132 0.817
    132 0.801
    132 0.777
    132 0.395
    132 0.359
    130 0.424
    129 0.405
    127 0.415
    127 0.413
    127 0.407
    127 0.399
    127 0.398
    127 0.389
    127 0.378
    127 0.374
    126 0.786
    126 0.363
    125 0.83
    125 0.806
    125 0.386
    123 0.376
    123 0.325
    122 0.8
    121 0.793
    121 0.41
    120 0.79
    120 0.38
    119 0.4
    119 0.384
    118 0.774
    118 0.0
    117 0.769
    117 0.422
    116 0.419
    115 0.805
    115 0.772
    115 0.383
    113 0.811
    113 0.411
    112 0.808
    112 0.796
    112 0.352
    111 0.369
    110 0.794
    110 0.32
    109 0.388
    109 0.366
    108 0.397
    108 0.39
    107 0.367
    106 0.814
    106 0.392
    106 0.379
    106 0.373
    106 0.333
    105 0.784
    105 0.385
    105 0.361
    104 0.394
    104 0.346
    104 0.329
    104 0.322
    103 0.818
    103 0.408
    102 0.37
    102 0.262
    101 0.375
    100 0.809
    100 0.371
    100 0.355
     99 0.368
     98 0.865
     98 0.362
     98 0.356
     98 0.334
     97 0.354
     97 0.321
     96 0.826
     96 0.815
     96 0.353
     95 0.822
     95 0.816
     95 0.365
     95 0.339
     94 0.372
     94 0.364
     93 0.381
     93 0.36
     93 0.345
     93 0.286
     92 0.821
     92 0.377
     92 0.358
     91 0.396
     91 0.391
     90 0.323
     89 0.835
     89 0.825
     89 0.824
     89 0.335
     88 0.332
     87 0.833
     87 0.829
     86 0.349
     86 0.348
     86 0.328
     86 0.295
     85 0.87
     85 0.844
     85 0.836
     85 0.331
     84 0.823
     84 0.337
     83 0.357
     81 0.847
     81 0.342
     81 0.316
     81 0.308
     81 0.307
     80 0.831
     80 0.343
     79 0.904
     79 0.351
     79 0.327
     79 0.292
     79 0.25
     78 0.304
     78 0.29
     77 0.35
     77 0.287
     77 0.276
     76 0.319
     75 0.839
     75 0.827
     74 0.845
     74 0.834
     74 0.82
     74 0.344
     74 0.326
     73 0.341
     73 0.318
     73 0.311
     73 0.296
     72 0.302
     71 0.314
     71 0.306
     71 0.299
     71 0.282
     70 0.881
     70 0.863
     70 0.843
     70 0.838
     70 0.313
     70 0.312
     70 0.248
     69 0.886
     69 0.85
     69 0.338
     68 0.905
     68 0.855
     68 0.3
     68 0.223
     67 0.832
     67 0.297
     67 0.273
     67 0.271
     67 0.226
     66 0.887
     66 0.347
     66 0.315
     66 0.309
     66 0.289
     65 0.856
     65 0.841
     65 0.236
     64 0.34
     64 0.336
     64 0.324
     64 0.279
     63 0.294
     63 0.288
     63 0.284
     63 0.252
     62 0.819
     62 0.303
     62 0.285
     61 0.852
     61 0.851
     61 0.33
     61 0.283
     61 0.263
     61 0.259
     61 0.258
     60 0.828
     59 0.848
     59 0.842
     59 0.27
     58 0.873
     58 0.857
     58 0.305
     57 0.876
     57 0.849
     57 0.317
     57 0.269
     56 0.84
     56 0.837
     56 0.266
     55 0.854
     55 0.846
     55 0.246
     55 0.221
     54 0.866
     54 0.859
     54 0.31
     53 0.298
     53 0.293
     53 0.265
     53 0.233
     52 0.853
     52 0.301
     52 0.278
     52 0.277
     52 0.274
     52 0.272
     52 0.254
     52 0.169
     51 0.245
     51 0.235
     50 0.861
     50 0.858
     50 0.28
     50 0.257
     50 0.255
     49 0.275
     49 0.261
     49 0.26
     48 0.874
     48 0.862
     48 0.239
     48 0.234
     48 0.165
     47 0.86
     47 0.291
     47 0.256
     47 0.225
     47 0.215
     47 0.2
     46 0.877
     45 0.24
     45 0.224
     44 0.878
     44 0.253
     44 0.23
     44 0.203
     44 0.172
     43 0.88
     43 0.869
     43 0.868
     43 0.864
     43 0.268
     43 0.251
     43 0.207
     43 0.166
     42 0.879
     42 0.249
     42 0.244
     42 0.241
     42 0.219
     42 0.194
     42 0.179
     42 0.171
     41 0.267
     41 0.242
     41 0.228
     41 0.213
     40 0.264
     40 0.243
     40 0.214
     40 0.201
     40 0.199
     39 0.899
     39 0.896
     39 0.884
     39 0.875
     39 0.872
     39 0.229
     39 0.227
     39 0.209
     39 0.174
     39 0.168
     39 0.164
     38 0.867
     37 0.281
     36 0.901
     36 0.895
     36 0.891
     36 0.871
     36 0.237
     36 0.21
     36 0.175
     36 0.173
     36 0.167
     35 0.9
     35 0.898
     35 0.218
     35 0.216
     34 0.892
     34 0.889
     34 0.22
     34 0.211
     34 0.198
     34 0.193
     34 0.192
     34 0.183
     34 0.159
     33 0.202
     33 0.185
     33 0.182
     33 0.177
     33 0.157
     32 0.883
     32 0.247
     32 0.238
     32 0.231
     32 0.208
     32 0.197
     32 0.17
     31 0.217
     31 0.196
     31 0.18
     31 0.158
     30 0.222
     30 0.212
     30 0.191
     30 0.163
     29 0.908
     29 0.906
     29 0.882
     29 0.232
     29 0.206
     29 0.19
     28 0.885
     28 0.181
     28 0.16
     28 0.149
     28 0.144
     27 0.897
     27 0.186
     27 0.178
     27 0.14
     26 0.918
     26 0.89
     26 0.205
     26 0.189
     25 0.909
     25 0.888
     25 0.188
     25 0.176
     24 0.922
     24 0.913
     24 0.911
     24 0.903
     24 0.902
     24 0.204
     24 0.161
     24 0.154
     24 0.151
     24 0.135
     23 0.894
     23 0.162
     23 0.132
     22 0.91
     22 0.907
     22 0.184
     22 0.156
     22 0.15
     22 0.146
     22 0.138
     22 0.129
     21 0.929
     21 0.916
     21 0.153
     21 0.133
     20 0.934
     20 0.93
     20 0.924
     20 0.145
     20 0.105
     19 0.187
     19 0.148
     19 0.139
     19 0.136
     19 0.13
     18 0.927
     18 0.914
     18 0.893
     18 0.195
     18 0.147
     18 0.123
     18 0.108
     17 0.937
     17 0.155
     17 0.152
     17 0.142
     17 0.137
     17 0.112
     16 0.931
     16 0.917
     16 0.114
     15 0.921
     15 0.915
     15 0.912
     15 0.118
     14 0.961
     14 0.919
     14 0.141
     14 0.134
     14 0.109
     13 0.953
     13 0.95
     13 0.923
     13 0.131
     13 0.121
     12 0.94
     12 0.143
     12 0.115
     12 0.107
     12 0.106
     12 0.104
     11 0.942
     11 0.938
     11 0.926
     11 0.925
     11 0.128
     11 0.119
     11 0.101
     10 0.956
     10 0.948
     10 0.947
     10 0.124
     10 0.12
     10 0.117
     10 0.113
      9 0.935
      9 0.127
      9 0.125
      9 0.111
      8 0.974
      8 0.954
      8 0.92
      8 0.126
      8 0.122
      8 0.103
      8 0.102
      7 0.959
      7 0.958
      7 0.957
      7 0.952
      7 0.951
      7 0.941
      7 0.936
      7 0.933
      7 0.932
      7 0.928
      7 0.11
      6 0.97
      6 0.955
      6 0.945
      6 0.116
      6 0.0791
      5 0.975
      5 0.971
      5 0.966
      5 0.962
      5 0.949
      5 0.943
      5 0.939
      5 0.0965
      5 0.0903
      5 0.0877
      5 0.0832
      4 0.976
      4 0.965
      4 0.96
      4 0.944
      4 0.1
      4 0.0999
      4 0.0898
      4 0.0863
      4 0.0688
      4 0.0649
      4 0.0608
      3 0.978
      3 0.968
      3 0.967
      3 0.964
      3 0.963
      3 0.946
      3 0.0995
      3 0.094
      3 0.0924
      3 0.0912
      3 0.091
      3 0.0892
      3 0.0872
      3 0.0871
      3 0.0854
      3 0.0849
      3 0.0846
      3 0.0844
      3 0.0819
      3 0.079
      3 0.0783
      3 0.0776
      3 0.0765
      3 0.0704
      3 0.0669
      3 0.0661
      3 0.0655
      3 0.0653
      3 0.0645
      3 0.0633
      3 0.0629
      3 0.0626
      3 0.0624
      3 0.0621
      3 0.0602
      2 0.98
      2 0.973
      2 0.969
      2 0.0998
      2 0.0992
      2 0.0989
      2 0.0979
      2 0.0967
      2 0.0954
      2 0.0938
      2 0.0925
      2 0.0921
      2 0.0917
      2 0.0916
      2 0.0911
      2 0.0896
      2 0.0895
      2 0.0888
      2 0.0887
      2 0.0885
      2 0.0862
      2 0.0858
      2 0.0855
      2 0.085
      2 0.0835
      2 0.0828
      2 0.0824
      2 0.0821
      2 0.0816
      2 0.0803
      2 0.0801
      2 0.0787
      2 0.0775
      2 0.0762
      2 0.0761
      2 0.0758
      2 0.0751
      2 0.0749
      2 0.0748
      2 0.0747
      2 0.0745
      2 0.0735
      2 0.0732
      2 0.0729
      2 0.0727
      2 0.0717
      2 0.0713
      2 0.0709
      2 0.0705
      2 0.0697
      2 0.0691
      2 0.069
      2 0.0685
      2 0.0679
      2 0.0672
      2 0.0667
      2 0.0651
      2 0.065
      2 0.0646
      2 0.0644
      2 0.0643
      2 0.0642
      2 0.0638
      2 0.0637
      2 0.0631
      2 0.0625
      2 0.0622
      2 0.0615
      2 0.0614
      2 0.0612
      2 0.0588
      2 0.0576
      2 0.0565
      1 0.985
      1 0.984
      1 0.983
      1 0.982
      1 0.981
      1 0.977
      1 0.972
      1 0.0993
      1 0.0991
      1 0.099
      1 0.0985
      1 0.0983
      1 0.0981
      1 0.0978
      1 0.0977
      1 0.0976
      1 0.0975
      1 0.0973
      1 0.0971
      1 0.0969
      1 0.0966
      1 0.0962
      1 0.0961
      1 0.096
      1 0.0959
      1 0.0957
      1 0.0955
      1 0.0952
      1 0.0951
      1 0.0949
      1 0.0948
      1 0.0945
      1 0.0943
      1 0.0939
      1 0.0937
      1 0.0936
      1 0.0934
      1 0.0931
      1 0.093
      1 0.0919
      1 0.0914
      1 0.0908
      1 0.0907
      1 0.0906
      1 0.0904
      1 0.0901
      1 0.0897
      1 0.0893
      1 0.0891
      1 0.0886
      1 0.0884
      1 0.0881
      1 0.0879
      1 0.0876
      1 0.0874
      1 0.0868
      1 0.0867
      1 0.0865
      1 0.0861
      1 0.086
      1 0.0859
      1 0.0851
      1 0.0848
      1 0.0847
      1 0.0845
      1 0.0842
      1 0.084
      1 0.0839
      1 0.0837
      1 0.0834
      1 0.0833
      1 0.0818
      1 0.0811
      1 0.0808
      1 0.0807
      1 0.0806
      1 0.0805
      1 0.0804
      1 0.0802
      1 0.0799
      1 0.0797
      1 0.0796
      1 0.0794
      1 0.0793
      1 0.0789
      1 0.0788
      1 0.0786
      1 0.0779
      1 0.0778
      1 0.0772
      1 0.0771
      1 0.0768
      1 0.0766
      1 0.0763
      1 0.0759
      1 0.075
      1 0.0746
      1 0.0743
      1 0.074
      1 0.0738
      1 0.0734
      1 0.0731
      1 0.0728
      1 0.0726
      1 0.0725
      1 0.0723
      1 0.0718
      1 0.0716
      1 0.0707
      1 0.0706
      1 0.0701
      1 0.0698
      1 0.0693
      1 0.0689
      1 0.0687
      1 0.0684
      1 0.0683
      1 0.0682
      1 0.0678
      1 0.0676
      1 0.0671
      1 0.0668
      1 0.0666
      1 0.0665
      1 0.0664
      1 0.0663
      1 0.0658
      1 0.0656
      1 0.0652
      1 0.0647
      1 0.064
      1 0.063
      1 0.0627
      1 0.062
      1 0.0619
      1 0.0617
      1 0.0611
      1 0.061
      1 0.0609
      1 0.0607
      1 0.0604
      1 0.0601
      1 0.06
      1 0.0597
      1 0.059
      1 0.0578
      1 0.0574
      1 0.0569
      1 0.0566
      1 0.0562
      1 0.0558
      1 0.0555
      1 0.055
      1 0.0548
      1 0.0545
      1 0.0532
      1 0.0513
